((("adb" .
   [6 0 0])
  ("abspath" .
   [1 0 0 0 0 0 0])
  ("project" .
   [1 0 0 0 0 0 0])
  ("lower" .
   [2 0 0 0 0])
  ("secret" .
   [1 0 0 0 0 0])
  ("domain" .
   [1 0 0 0 0 0])
  ("connect" .
   [1 0 0 0 0 0 0])
  ("self" .
   [1 0 0 0])
  ("None" .
   [0 0 0 1])
  ("rid_counter" .
   [0 0 0 1 0 0 0 0 0 0 0])
  ("loginSecret" .
   [0 0 0 0 0 1 0 0 0 0 0])
  ("password" .
   [3 0 0 0 0 2 0 0])
  ("devices" .
   [1 0 0 0 0 0 0])
  ("230000" .
   [2 0 0 0 0 0])
  ("uint8_t" .
   [0 0 0 0 0 1 0])
  ("UINT8_C" .
   [1 0 0 0 0 0 0])
  ("power" .
   [1 0 0 0 0])
  ("maxb" .
   [2 0 0 1])
  ("max" .
   [1 0 0])
  ("and" .
   [1 0 0])
  ("maxpower" .
   [3 0 0 0 0 0 0 0])
  ("include" .
   [0 0 0 0 0 1 0])
  ("int" .
   [1 0 0])
  ("for" .
   [4 0 0])
  ("POWER" .
   [0 0 0 1 0])
  ("LLINDARFB" .
   [0 0 0 0 0 0 0 0 2])
  ("freqbaixa" .
   [5 0 0 4 0 0 0 0 3])
  ("freqalta" .
   [4 0 0 1 2 2 0 0])
  ("1477" .
   [2 0 0 0])
  ("else" .
   [3 0 0 0])
  ("if" .
   [1 0])
  ("char" .
   [1 0 0 0])
  ("caracter" .
   [4 0 0 0 0 0 0 0])
  ("printf" .
   [2 0 1 0 0 3])
  ("print" .
   [5 0 0 0 0])
  ("maxa" .
   [2 0 0 0])
  ("3" .
   [1])
  ("9600" .
   [1 0 0 0])
  ("float" .
   [3 0 0 0 0])
  ("300" .
   [1 0 0])
  ("220" .
   [2 0 0])
  ("time0" .
   [1 0 0 0 0])
  ("Route" .
   [1 0 0 0 0])
  ("get" .
   [1 0 0])
  ("log" .
   [1 0 0])
  ("Auth" .
   [2 0 0 0])
  ("LIBGEN" .
   [0 0 0 0 0 1])
  ("busybox" .
   [1 0 0 3 2 1 0])
  ("shell" .
   [4 0 0 0 0])))
